48178 
48178 
48181 
48188 
48186 
48187 
48188 
48178 
48177 
48179 
48184 
48181 
48182 
48182 
48178 
48184 
48185 
48183 
48190 
48185 
48183 
48182 
48182 
48184 
48186 
48181 
48184 
48175 
48169 
48176 
48178 
48179 
48177 
48177 
48172 
48172 
48174 
48177 
48177 
48174 
48175 
48176 
48177 
48172 
48177 
48177 
48178 
48178 
48175 
48178 
48174 
48177 
48178 
48175 
48176 
48171 
48181 
48181 
48180 
48180 
48185 
48185 
48183 
48181 
48184 
48183 
48183 
48185 
48184 
48181 
48183 
48179 
48182 
48180 
48181 
48183 
48184 
48174 
48180 
48174 
48175 
48175 
48176 
48173 
48169 
48173 
48173 
48172 
48171 
48177 
48176 
48175 
48172 
48179 
48178 
48178 
48169 
48174 
48182 
48178 
48177 
48179 
48179 
48180 
48179 
48181 
48177 
48179 
48180 
48179 
48180 
48179 
48179 
48183 
48184 
48186 
48174 
48182 
48172 
48179 
48176 
48179 
48184 
48180 
48184 
48178 
48178 
48180 
48185 
48187 
48184 
48180 
48183 
48180 
48185 
48188 
48186 
48184 
48187 
48182 
48179 
48181 
48181 
48178 
48176 
48176 
48172 
48168 
48169 
48167 
48161 
48160 
48162 
48161 
48157 
48153 
48150 
48147 
48149 
48142 
48142 
48142 
48144 
48139 
48138 
48137 
48138 
48135 
48133 
48135 
48140 
48155 
48151 
48139 
48147 
48147 
48153 
48152 
48161 
48158 
48160 
48162 
48170 
48176 
48177 
48170 
48176 
48179 
48178 
48184 
48187 
48187 
48190 
48187 
48185 
48168 
48169 
48163 
48154 
48153 
48141 
48149 
48156 
48147 
48161 
48152 
48150 
48150 
48150 
48153 
48151 
48147 
48151 
48153 
48150 
48148 
48148 
48151 
48148 
48144 
48146 
48146 
48148 
48154 
48150 
48149 
48154 
48151 
48148 
48150 
48151 
48156 
48159 
48156 
48157 
48156 
48156 
48154 
48159 
48159 
48159 
48160 
48163 
48157 
48159 
48156 
48154 
48153 
48153 
48152 
48154 
48148 
48151 
48149 
48152 
48156 
48155 
48151 
48151 
48151 
48153 
48155 
48154 
48149 
48149 
48149 
48149 
48149 
48149 
48149 
48149 
48149 
48149 
48149 
48149 
48149 
48149 
48149 
48149 
48149 
48149 
48149 
48149 
48149 
48149 
48149 
48149 
48149 
48149 
48149 
48149 
48149 
48149 
48149 
48149 
48149 
48149 
48149 
48149 
48149 
48149 
48149 
48149 
48149 
48149 
48149 
48149 
48149 
48149 
48149 
48149 
48149 
48149 
48149 
48149 
48149 
48149 
48149 
48149 
48149 
48149 
48149 
48149 
48149 
48149 
48149 
48149 
48149 
48149 
48149 
48149 
48149 
48149 
48149 
48149 
48149 
48149 
48149 
48149 
48149 
48149 
48149 
48149 
48149 
48149 
48149 
48149 
48149 
48149 
48149 
48149 
48149 
48149 
48149 
48149 
48149 
48149 
48149 
48149 
48149 
48149 
48149 
48149 
48149 
48149 
48149 
48149 
48149 
48149 
48149 
48149 
48149 
48149 
48149 
48149 
48149 
48149 
48149 
48149 
48149 
48149 
48149 
48149 
48149 
48149 
48149 
48149 
48149 
48149 
48149 
48149 
48149 
48149 
48149 
48149 
48149 
48149 
48149 
48149 
48149 
48149 
48149 
48149 
48149 
48149 
48149 
48149 
48149 
48149 
48149 
48149 
48149 
48149 
48149 
48149 
48149 
48149 
48149 
48149 
48149 
48149 
48149 
48149 
48149 
48149 
48149 
48149 
48149 
48149 
48149 
48149 
48149 
48149 
48149 
48149 
48149 
48149 
48149 
48149 
48149 
48149 
48149 
48149 
48149 
48149 
48149 
48149 
48149 
48149 
48149 
48149 
48149 
48149 
48149 
48149 
48149 
48149 
48149 
48149 
48149 
48149 
48149 
48149 
48149 
48149 
48149 
48149 
48149 
48149 
48149 
48149 
48149 
48149 
48149 
48149 
48149 
48149 
48149 
48149 
48149 
48149 
48149 
48149 
48149 
48149 
48149 
48149 
48149 
48149 
48149 
48149 
48149 
48149 
48149 
48149 
48149 
48149 
48149 
48149 
48149 
48149 
48149 
48149 
48149 
48149 
48149 
48149 
48149 
48149 
48149 
48149 
48149 
48149 
48149 
48149 
48149 
48149 
48149 
48149 
48149 
48149 
48149 
48149 
48149 
48149 
48149 
48149 
48149 
48149 
48149 
48149 
48149 
48149 
48149 
48149 
48149 
48149 
48149 
48149 
48149 
48149 
48149 
48149 
48149 
48149 
48149 
48149 
48149 
48149 
48149 
48149 
48149 
48149 
48149 
48149 
48149 
48149 
48149 
48149 
48149 
48149 
48149 
48149 
48149 
48149 
48149 
48149 
48149 
48149 
48149 
48149 
48149 
48149 
48149 
48149 
48149 
48149 
48149 
48149 
48149 
48149 
48149 
48149 
48149 
48149 
48149 
48149 
48149 
48149 
48149 
48149 
48149 
48149 
48149 
48149 
48149 
48149 
48149 
48149 
48149 
48149 
48149 
48149 
48149 
48149 
48149 
48149 
48149 
48149 
48149 
48149 
48149 
48149 
48149 
48149 
48149 
48149 
48149 
48149 
48149 
48149 
48149 
48149 
48149 
48149 
48149 
48149 
48149 
48149 
48149 
48149 
48149 
48149 
48149 
48149 
48149 
48149 
48149 
48149 
48149 
48149 
48149 
48149 
48149 
48149 
48149 
48149 
48149 
48149 
48149 
48149 
48149 
48149 
48149 
48149 
48149 
48149 
48149 
48149 
48149 
48149 
48149 
48149 
48149 
48149 
48149 
48149 
48149 
48149 
48149 
48149 
48149 
48149 
48149 
48149 
48149 
48149 
48149 
48149 
48149 
48149 
48149 
48149 
48149 
48149 
48149 
48149 
48149 
48149 
48149 
48149 
48149 
48149 
48149 
48149 
48149 
48149 
48149 
48149 
48149 
48149 
48149 
48149 
48149 
48149 
48149 
48149 
48149 
48149 
48149 
48149 
48149 
48149 
48149 
48149 
48149 
48149 
48149 
48149 
48149 
48149 
48149 
48149 
48149 
48149 
48149 
48149 
48149 
48149 
48149 
48149 
48149 
48149 
48149 
48149 
48149 
48149 
48149 
48149 
48149 
48149 
48149 
48149 
48149 
48149 
48149 
48149 
48149 
48149 
48149 
48149 
48149 
48149 
48149 
48149 
48149 
48149 
48149 
48149 
48149 
48149 
48149 
48149 
48149 
48149 
48149 
48149 
48149 
48149 
48149 
48149 
48149 
48149 
48149 
48149 
48149 
48149 
48149 
48149 
48149 
48149 
48149 
48149 
48149 
48149 
48149 
48149 
48149 
48149 
48149 
48149 
48149 
48149 
48149 
48149 
48149 
48149 
48149 
48149 
48149 
48149 
48149 
48149 
48149 
48149 
48149 
48149 
48149 
48149 
48149 
48149 
48149 
48149 
48149 
48149 
48149 
48149 
48149 
48149 
48149 
48149 
48149 
48149 
48149 
48149 
48149 
48149 
48149 
48149 
48149 
48149 
48149 
48149 
48149 
48149 
48149 
48149 
48149 
48149 
48149 
48149 
48149 
48149 
48149 
48149 
48149 
48149 
48149 
48149 
48149 
48149 
48149 
48149 
48149 
48149 
48149 
48149 
48149 
48149 
48149 
48149 
48149 
48149 
48149 
48149 
48149 
48149 
48149 
48149 
48149 
48149 
48149 
48149 
48149 
48149 
48149 
48149 
48149 
48149 
48149 
48149 
48149 
48149 
48149 
48149 
48149 
48149 
48149 
48149 
48149 
48149 
48149 
48149 
48149 
48149 
48149 
48149 
48149 
48149 
48149 
48149 
48149 
48149 
48149 
48149 
48149 
48149 
48149 
48149 
48149 
48149 
48149 
48149 
48149 
48149 
48149 
48149 
48149 
48149 
48149 
48149 
48149 
48149 
48149 
48149 
48149 
48149 
48149 
48149 
48149 
48149 
48149 
48149 
48149 
48149 
48149 
48149 
48149 
48149 
48149 
48149 
48149 
48149 
48149 
48149 
48149 
48149 
48149 
48149 
48149 
48149 
48149 
48149 
48149 
48149 
48149 
48149 
48149 
48149 
48149 
48149 
48149 
48149 
48149 
48149 
48149 
48149 
48149 
48149 
48149 
48149 
48149 
48149 
48149 
48149 
48149 
48149 
48149 
48149 
48149 
48149 
48149 
48149 
48149 
48149 
48149 
48149 
48149 
48149 
48149 
48149 
48149 
48149 
48149 
48149 
48149 
48149 
48149 
48149 
48149 
48149 
48149 
48149 
48149 
48149 
48149 
48149 
48149 
48149 
48149 
48149 
48149 
48149 
48149 
48149 
48149 
48149 
48149 
48149 
48149 
48149 
48149 
48149 
48149 
48149 
48149 
48149 
48149 
48149 
48149 
48149 
48149 
48149 
48149 
48149 
48149 
48149 
48149 
48149 
48149 
48149 
48149 
48149 
48183 
48183 
48183 
48183 
48183 
48183 
48183 
48183 
48183 
48183 
48183 
48183 
48183 
48183 
48183 
48183 
48183 
48183 
48183 
48183 
48183 
48183 
48183 
48183 
48183 
48183 
48183 
48183 
48183 
48183 
48183 
48183 
48183 
48183 
48183 
48183 
48183 
48183 
48183 
48183 
48183 
48183 
48183 
48183 
48183 
48183 
48183 
48183 
48183 
48183 
48183 
48183 
48183 
48183 
48183 
48183 
48183 
48183 
48183 
48183 
48183 
48183 
48183 
48183 
48183 
48183 
48183 
48179 
22479 
48163 
22476 
48170 
22475 
48168 
22474 
48164 
22473 
48167 
22472 
48166 
22471 
48161 
22472 
48172 
22473 
48167 
22472 
48163 
22471 
48157 
22465 
48155 
22465 
48159 
22470 
48155 
22470 
48155 
22469 
48152 
22470 
48154 
22468 
48151 
22468 
48149 
22466 
48146 
22466 
48145 
22462 
48147 
22463 
48158 
22469 
48159 
22469 
48161 
22470 
48166 
22471 
48154 
22471 
48157 
22472 
48160 
22473 
48162 
22473 
48155 
22472 
48161 
22473 
48153 
22471 
48152 
22471 
48149 
22473 
48155 
22474 
48147 
48157 
22478 
22474 
48158 
22480 
48158 
22480 
48156 
22479 
48156 
22479 
48132 
48136 
22471 
22471 
48141 
22470 
48129 
22468 
48130 
22468 
48133 
22470 
48127 
22470 
48135 
22477 
48122 
22473 
48128 
22472 
48128 
22475 
48133 
22479 
48130 
22479 
48124 
22479 
48120 
22479 
48116 
22471 
48118 
22472 
48129 
22476 
48130 
22478 
48129 
22477 
48131 
22478 
48141 
22480 
48140 
22478 
48139 
22478 
48132 
22477 
48135 
22477 
48132 
22478 
48131 
22478 
48138 
22478 
48135 
22474 
48120 
22471 
48123 
22472 
48131 
22473 
48125 
22471 
48122 
22472 
48123 
22472 
48123 
22472 
48123 
22472 
48112 
22469 
48115 
22470 
48110 
22470 
48107 
22471 
48110 
22471 
48106 
22471 
48103 
22467 
48099 
22468 
48101 
22469 
48110 
22470 
48119 
22474 
48115 
22474 
48116 
22474 
48110 
22471 
48116 
22472 
48116 
22473 
48113 
22472 
48114 
22471 
48119 
22471 
48120 
22472 
48117 
22473 
48124 
22474 
48120 
22475 
48120 
22475 
48118 
22475 
48120 
22474 
48125 
22476 
48137 
22482 
48137 
22483 
48135 
22481 
48134 
22482 
48135 
22482 
48135 
22481 
48134 
22481 
48134 
22480 
48134 
22482 
48136 
22484 
48133 
22484 
48124 
22480 
48121 
22479 
48121 
22479 
48116 
22475 
48111 
22478 
48112 
22477 
48108 
22474 
48109 
22475 
48107 
22476 
48105 
22475 
48101 
22475 
48102 
22477 
48081 
22471 
48088 
22472 
48094 
22475 
48094 
22474 
48100 
22475 
48102 
22476 
48098 
22474 
48100 
22473 
48100 
22473 
48099 
22472 
48099 
22472 
48103 
22473 
48103 
22473 
48101 
22470 
48103 
22469 
48104 
22471 
48104 
22471 
48104 
22472 
48104 
22472 
48100 
22473 
48100 
22474 
48096 
22472 
48096 
22472 
48092 
22470 
48093 
22470 
48092 
22469 
48093 
22469 
48092 
22471 
48094 
22472 
48099 
22471 
48103 
22472 
48104 
22472 
48103 
22471 
48107 
22472 
48104 
22471 
48103 
22470 
48103 
22469 
48100 
22471 
48103 
22471 
48096 
22469 
48096 
22469 
48092 
22468 
48092 
22468 
48090 
22465 
48090 
22465 
48089 
22466 
48089 
22466 
48083 
22466 
48083 
22466 
48085 
22466 
48085 
22466 
48085 
48085 
22468 
22468 
48087 
22467 
48087 
22467 
48090 
22470 
48090 
22470 
48085 
22468 
48085 
22468 
48085 
22468 
48085 
22468 
48084 
22466 
48084 
22466 
48085 
22465 
48085 
22465 
48082 
22462 
48081 
22462 
48085 
22464 
48085 
22464 
48086 
22465 
48086 
22465 
48084 
22466 
48084 
22466 
48085 
22467 
48085 
22467 
48081 
22466 
48081 
22466 
48070 
22460 
48070 
22459 
48068 
22456 
48068 
22456 
48068 
22458 
48070 
22457 
48072 
22459 
48072 
22459 
48079 
22461 
48079 
22461 
48081 
22464 
48081 
22464 
48085 
22464 
48087 
22464 
48087 
22465 
48087 
22466 
48103 
22469 
48102 
22469 
48112 
22473 
48112 
22473 
48113 
22475 
48113 
22475 
48128 
22478 
48128 
22478 
48124 
22479 
48124 
22479 
48125 
22479 
48125 
22479 
48135 
22481 
48135 
22481 
48128 
22480 
48126 
22480 
48122 
22478 
48122 
22479 
48117 
22476 
48116 
22476 
48116 
22476 
48112 
22476 
48118 
22476 
48117 
22476 
48118 
48118 
22475 
22475 
48123 
22476 
48123 
22476 
48120 
22475 
48120 
22475 
48108 
48108 
22473 
22473 
48106 
22473 
48106 
22473 
48111 
22472 
48111 
22472 
48117 
22474 
48117 
22474 
48103 
22469 
48103 
22469 
48105 
22471 
48105 
22471 
48097 
22470 
48099 
22469 
48090 
22466 
48087 
22466 
48093 
22468 
48095 
22469 
48088 
22469 
48088 
22469 
48092 
22471 
48092 
22471 
48087 
22473 
48091 
22473 
48085 
22470 
48085 
22470 
48082 
22471 
48087 
22471 
48085 
22470 
48084 
22470 
48090 
22472 
48088 
22471 
48086 
22471 
48088 
22471 
48088 
22471 
48089 
22472 
48088 
22472 
48087 
22472 
48082 
22470 
48080 
22470 
48082 
22470 
48079 
22470 
48080 
22468 
48078 
22469 
48075 
22467 
48075 
22467 
48081 
22471 
48080 
22471 
48082 
22471 
48085 
22472 
48093 
22473 
48088 
22472 
48087 
22471 
48088 
22471 
48092 
22474 
48095 
22475 
48100 
22476 
48095 
22474 
48094 
22474 
48095 
22475 
48100 
22477 
48105 
22478 
48098 
22477 
48100 
22477 
48097 
22476 
48098 
22476 
48096 
22475 
48096 
22475 
48081 
22472 
48081 
22472 
48090 
22473 
48090 
22473 
48088 
22472 
48088 
22472 
48087 
22471 
48087 
22471 
48096 
22476 
48094 
22476 
48085 
22471 
48087 
22472 
48083 
22471 
48085 
22471 
48089 
22472 
48091 
22473 
48089 
22474 
48091 
22475 
48089 
22474 
48088 
22474 
48087 
22475 
48087 
22475 
48089 
22479 
48091 
22479 
48089 
22477 
48085 
22477 
48091 
22480 
48093 
22480 
48091 
22480 
48091 
22480 
48096 
22481 
48096 
22481 
48097 
22480 
48097 
22480 
48095 
48095 
22479 
22479 
48094 
22479 
48094 
22479 
48096 
22479 
48096 
22479 
48096 
22477 
48095 
22477 
48091 
22474 
48087 
22475 
48109 
22481 
48112 
22482 
48104 
22479 
48102 
22478 
48105 
22479 
48103 
22478 
48101 
22478 
48101 
22478 
48101 
22478 
48101 
22479 
48103 
22478 
48106 
22478 
48099 
22479 
48100 
22478 
48100 
22480 
48102 
22479 
48109 
22479 
48109 
22480 
48104 
22479 
48106 
22480 
48104 
22478 
48104 
22477 
48099 
22475 
48099 
22475 
48097 
22476 
48095 
48095 
48094 
48097 
48089 
48065 
48075 
48081 
48079 
48077 
48075 
48079 
48080 
48080 
48079 
48077 
48080 
48081 
48079 
48076 
48077 
48076 
48076 
48081 
48079 
48082 
48080 
48074 
48076 
48081 
48078 
48077 
48079 
48077 
48077 
48071 
48077 
48076 
48073 
48077 
48077 
48077 
48080 
48083 
48079 
48082 
48083 
48079 
48079 
48079 
48082 
48082 
48085 
48082 
48089 
48085 
48088 
48086 
48090 
48094 
48088 
48089 
48087 
48088 
48089 
48084 
48086 
48085 
48089 
48087 
48084 
48086 
48085 
48083 
48081 
48083 
48083 
48081 
48082 
48081 
48083 
48082 
48080 
48082 
48081 
48081 
48083 
48079 
48079 
48079 
48078 
48079 
48078 
48083 
48082 
48083 
48083 
48073 
48062 
48066 
48066 
48066 
48058 
48057 
48050 
48053 
48055 
48055 
48053 
48053 
48060 
48060 
48054 
48054 
48058 
48058 
48056 
48053 
48052 
48052 
48057 
48057 
48053 
48053 
48051 
48053 
48031 
48031 
48037 
48036 
48027 
48028 
48029 
48029 
48033 
48033 
48035 
48035 
48052 
48052 
48045 
48046 
48044 
48049 
48048 
48048 
48056 
48058 
48063 
48063 
48066 
48066 
48066 
48066 
48069 
48070 
48066 
48064 
48064 
48058 
48058 
48057 
48063 
48058 
48058 
48056 
48048 
48049 
48043 
48045 
48045 
48045 
48050 
48051 
48050 
48050 
48059 
48059 
48046 
48046 
48047 
48048 
48050 
48050 
48051 
48050 
48047 
48045 
48053 
48058 
48058 
48058 
48061 
48061 
48053 
48053 
48053 
48053 
48051 
48051 
48050 
48050 
48043 
48043 
48039 
48039 
48040 
48040 
48038 
48038 
48031 
48031 
48027 
48027 
48029 
48029 
48035 
48035 
48031 
48031 
48015 
48015 
48015 
48015 
48018 
48018 
48016 
48015 
48018 
48018 
48016 
48016 
48004 
48006 
48005 
48005 
48007 
48007 
48000 
48000 
48001 
48001 
48001 
48001 
47998 
48004 
48010 
48010 
48016 
48016 
48039 
48039 
48030 
48030 
48029 
48026 
48025 
48025 
48022 
48022 
48021 
48018 
48027 
48027 
48026 
48027 
48025 
48027 
48025 
48026 
48027 
48025 
48031 
48030 
48031 
48027 
48028 
48027 
48026 
48026 
48026 
48028 
48033 
48033 
48028 
48030 
48028 
48030 
48034 
48033 
48031 
48026 
48031 
48031 
48041 
48041 
48039 
48040 
48052 
48054 
48048 
48047 
48048 
48046 
48041 
48040 
48038 
48038 
48039 
48037 
48037 
48039 
48041 
48045 
48059 
48059 
48058 
48057 
48056 
48057 
48053 
48048 
48051 
48050 
48050 
48049 
48049 
48046 
48048 
48050 
48050 
48048 
48063 
48058 
48050 
48057 
48058 
48057 
48056 
48055 
48051 
48052 
48054 
48054 
48053 
48053 
48059 
48059 
48058 
48059 
48054 
48055 
48056 
48055 
48055 
48056 
48047 
48042 
48042 
48041 
48033 
48032 
48027 
48033 
48031 
48035 
48037 
48040 
48034 
48034 
48033 
48034 
48036 
48036 
48030 
48030 
48029 
48029 
48020 
48020 
48015 
48015 
48010 
48011 
48010 
48010 
48010 
48008 
48003 
48007 
48010 
48011 
48008 
48011 
48008 
48011 
48005 
48007 
48007 
48004 
48004 
48008 
48003 
48009 
48011 
48010 
48009 
48009 
48011 
48010 
48010 
48010 
48006 
48004 
47998 
48005 
48006 
48020 
48023 
48021 
48020 
48020 
48011 
48012 
48014 
48014 
48015 
48014 
48014 
48014 
48015 
48014 
48017 
48014 
48014 
48014 
48015 
48014 
48014 
48014 
48012 
48010 
48010 
48013 
48009 
48008 
48010 
48014 
48014 
48011 
48012 
48012 
48011 
48009 
48008 
48010 
48009 
48010 
48010 
48010 
48009 
48012 
48010 
48009 
48011 
48006 
48007 
48006 
48006 
48004 
48003 
48003 
48000 
48002 
47999 
48002 
48002 
48000 
48006 
48006 
48009 
48013 
48013 
48013 
48013 
48012 
48013 
48010 
48008 
48010 
48008 
48007 
48002 
47999 
48003 
48001 
48006 
48002 
47998 
48001 
48001 
48004 
48002 
48000 
47975 
47972 
47978 
47976 
47979 
47982 
47985 
47983 
47984 
47981 
47983 
47983 
47985 
47984 
47980 
47981 
47981 
47984 
48003 
47999 
48002 
48007 
48006 
48008 
48004 
48006 
48008 
48010 
48011 
48007 
48008 
48009 
48011 
48011 
48009 
48012 
48013 
48008 
48010 
48009 
48021 
48023 
48020 
48021 
48019 
48022 
48019 
48024 
48021 
48025 
48020 
48025 
48025 
48027 
48024 
48025 
48024 
48024 
48028 
48019 
48017 
48018 
48018 
48018 
48016 
48016 
48018 
48019 
48014 
48014 
48020 
48016 
48024 
48022 
48021 
48020 
48019 
48020 
48021 
48023 
48017 
48018 
48016 
48021 
48017 
48021 
48023 
48031 
48025 
48029 
48027 
48027 
48029 
48032 
48031 
48029 
48031 
48033 
48035 
48038 
48036 
48035 
48034 
48037 
48042 
48044 
48042 
48045 
48042 
48043 
48046 
48042 
48046 
48047 
48048 
48048 
48045 
48048 
48046 
48046 
48047 
48050 
48050 
48058 
48057 
48058 
48055 
48052 
48056 
48051 
48054 
48048 
48050 
48046 
48043 
48044 
48043 
48041 
48041 
48042 
48039 
48041 
48038 
48038 
48039 
48040 
48040 
48038 
48040 
48039 
48037 
48039 
48042 
48042 
48039 
48043 
48042 
48043 
48045 
48045 
48042 
48050 
48050 
48053 
48059 
48060 
48062 
48062 
48063 
48062 
48065 
48064 
48066 
48061 
48065 
48067 
48066 
48071 
48071 
48070 
48072 
48074 
48073 
48075 
48073 
48074 
48075 
48075 
48074 
48073 
48080 
48077 
48078 
48074 
48074 
48073 
48072 
48073 
48073 
48074 
48076 
48070 
48070 
48071 
48071 
48073 
48073 
48068 
48067 
48064 
48066 
48067 
48065 
48055 
48056 
48051 
48051 
48055 
48055 
48055 
48055 
48051 
48052 
48057 
48056 
48059 
48058 
48058 
48059 
48062 
48063 
48079 
48078 
48080 
48080 
48079 
48074 
48079 
48082 
48082 
48079 
48084 
48083 
48082 
48083 
48081 
48080 
48078 
48079 
48079 
48080 
48078 
48080 
48080 
48083 
48083 
48084 
48084 
48084 
48079 
48079 
48075 
48073 
48075 
48074 
48072 
48074 
48072 
48074 
48076 
48073 
48074 
48071 
48072 
48073 
48071 
48072 
48070 
48068 
48064 
48066 
48070 
48068 
48067 
48067 
48067 
48067 
48067 
48069 
48056 
48056 
48060 
48057 
48053 
48053 
48055 
48055 
48055 
48056 
48058 
48058 
48054 
48054 
48049 
48051 
48052 
48052 
48052 
48052 
48047 
48047 
48042 
48042 
48052 
48041 
48040 
48042 
48042 
48037 
48042 
48040 
48038 
48038 
48038 
48035 
48035 
48038 
48038 
48029 
48029 
48027 
48027 
48025 
48025 
48023 
48023 
48024 
48024 
48031 
48031 
48021 
48021 
48025 
48025 
48030 
48030 
48033 
48033 
48037 
48039 
48042 
48042 
48038 
48038 
48035 
48034 
48040 
48040 
48033 
48033 
48032 
48030 
48033 
48033 
48033 
48033 
48033 
48033 
48036 
48036 
48037 
48037 
48032 
48032 
48031 
48031 
48034 
48034 
48032 
48032 
48022 
48021 
48027 
48027 
48027 
48027 
48025 
48025 
48024 
48024 
48020 
48020 
48020 
48023 
48021 
48021 
48021 
48021 
48018 
48019 
48025 
48024 
48023 
48023 
48023 
48023 
48021 
48022 
48023 
48023 
48028 
48026 
48028 
48026 
48030 
48030 
48032 
48031 
48033 
48033 
48032 
48032 
48030 
48030 
48021 
48021 
48023 
48023 
48025 
48025 
48020 
48020 
48018 
48018 
48021 
48021 
48022 
48022 
48026 
48026 
48024 
48024 
48025 
48025 
48028 
48028 
48026 
48027 
48031 
48031 
48036 
48036 
48034 
48037 
48031 
48032 
48032 
48034 
48034 
48031 
48026 
48026 
48029 
48029 
48033 
48033 
48030 
48031 
48025 
48025 
48024 
48019 
48024 
48024 
48025 
48027 
48026 
48027 
48026 
48026 
48024 
48024 
48025 
48025 
48025 
48025 
48026 
48026 
48027 
48027 
48027 
48027 
48031 
48031 
48027 
48027 
48025 
48025 
48032 
48032 
48027 
48029 
48031 
48031 
48030 
48028 
48034 
48034 
48031 
48035 
48031 
48031 
48038 
48038 
48037 
48036 
48035 
48036 
48035 
48035 
48033 
48033 
48036 
48034 
48039 
48039 
48032 
48028 
48030 
48030 
48032 
48032 
48033 
48033 
48027 
48027 
48025 
48024 
48023 
48024 
48031 
48036 
48030 
48032 
48031 
48031 
48023 
48021 
48017 
48018 
48017 
48016 
48020 
48020 
48019 
48020 
48023 
48025 
48023 
48023 
48016 
48018 
48019 
48019 
48024 
48020 
48018 
48018 
48021 
48021 
48026 
48026 
48030 
48030 
48029 
48029 
48038 
48038 
48038 
48038 
48039 
48039 
48037 
48038 
48037 
48036 
48038 
48038 
48043 
48043 
48044 
48044 
48040 
48040 
48044 
48044 
48039 
48039 
48044 
48044 
48045 
48045 
48046 
48046 
48047 
48047 
48047 
48047 
48040 
48040 
48039 
48039 
48037 
48038 
48037 
48037 
48037 
48035 
48039 
48042 
48052 
48052 
48056 
48056 
48056 
48058 
48057 
48057 
48058 
48055 
48057 
48057 
48055 
48055 
48049 
48051 
48053 
48053 
48055 
48056 
48055 
48053 
48054 
48052 
48057 
48057 
48055 
48055 
48057 
48057 
48053 
48053 
48054 
48054 
48058 
48058 
48059 
48059 
48053 
48053 
48053 
48053 
48054 
48054 
48054 
48051 
48049 
48049 
48049 
48049 
48050 
48050 
48049 
48049 
48055 
48055 
48056 
48056 
48055 
48054 
48052 
48052 
48053 
48053 
48052 
48050 
48050 
48050 
48048 
48048 
48052 
48052 
48050 
48050 
48059 
48059 
48071 
48071 
48069 
48069 
48063 
48063 
48065 
48065 
48070 
48064 
48067 
48069 
48071 
48071 
48068 
48068 
48072 
48068 
48070 
48069 
48071 
48071 
48070 
48070 
48071 
48073 
48062 
48062 
48065 
48064 
48064 
48064 
48065 
48065 
48063 
48063 
48063 
48064 
48063 
48060 
48060 
48060 
48059 
48062 
48063 
48063 
48067 
48067 
48077 
48077 
48078 
48078 
48071 
48074 
48071 
48072 
48075 
48075 
48072 
48074 
48072 
48075 
48071 
48073 
48071 
48071 
48070 
48072 
48066 
48066 
48076 
48078 
48080 
48079 
48078 
48078 
48080 
48079 
48084 
48087 
48087 
48087 
48084 
48084 
48085 
48086 
48084 
48085 
48084 
48086 
48079 
48079 
48077 
48076 
48070 
48073 
48069 
48070 
48067 
48068 
48068 
48068 
48066 
48072 
48072 
48072 
48069 
48069 
48069 
48068 
48066 
48066 
48065 
48065 
48063 
48063 
48059 
48059 
48058 
48058 
48058 
48058 
48061 
48061 
48061 
48061 
48060 
48060 
48060 
48060 
48059 
48059 
48058 
48058 
48059 
48057 
48060 
48060 
48062 
48062 
48063 
48063 
48073 
48073 
48076 
48073 
48074 
48075 
48072 
48071 
48071 
48071 
48075 
48073 
48076 
48075 
48077 
48076 
48074 
48074 
48077 
48077 
48078 
48078 
48081 
48082 
48081 
48081 
48082 
48082 
48083 
48083 
48083 
48085 
48087 
48086 
48086 
48084 
48087 
48087 
48086 
48085 
48086 
48085 
48093 
48091 
48093 
48089 
48092 
48092 
48096 
48105 
48107 
48107 
48109 
48108 
48114 
48122 
48122 
48115 
48112 
48112 
48114 
48117 
48118 
48115 
48115 
48117 
48115 
48116 
48115 
48112 
48115 
48109 
48111 
48113 
48112 
48111 
48115 
48115 
48117 
48113 
48113 
48116 
48116 
48117 
48117 
48110 
48111 
48111 
48108 
48110 
48109 
48110 
48113 
48110 
48112 
48112 
48111 
48110 
48111 
48110 
48112 
48106 
48105 
48109 
48108 
48109 
48107 
48108 
48111 
48109 
48110 
48114 
48110 
48113 
48112 
48113 
48112 
48111 
48112 
48110 
48111 
48107 
48109 
48111 
48108 
48109 
48106 
48107 
48106 
48113 
48118 
48117 
48116 
48115 
48111 
48112 
48112 
48111 
48112 
48114 
48113 
48112 
48110 
48107 
48111 
48111 
48109 
48110 
48109 
48107 
48106 
48105 
48105 
48105 
48105 
48094 
48095 
48093 
48093 
48094 
48094 
48094 
48092 
48091 
48093 
48088 
48090 
48087 
48087 
48091 
48089 
48092 
48092 
48098 
48097 
48098 
48099 
48095 
48099 
48100 
48098 
48093 
48095 
48092 
48092 
48090 
48092 
48091 
48090 
48092 
48091 
48093 
48092 
48092 
48095 
48097 
48095 
48097 
48097 
48099 
48100 
48105 
48103 
48106 
48105 
48107 
48108 
48108 
48107 
48103 
48104 
48108 
48108 
48109 
48109 
48107 
48108 
48110 
48109 
48111 
48111 
48111 
48111 
48113 
48112 
48115 
48115 
48109 
48109 
48108 
48110 
48109 
48109 
48106 
48106 
48106 
48104 
48099 
48099 
48111 
48112 
48112 
48112 
48110 
48110 
48110 
48111 
48110 
48114 
48113 
48109 
48114 
48114 
48113 
48113 
48113 
48113 
48119 
48119 
48118 
48118 
48124 
48124 
48121 
48121 
48120 
48120 
48122 
48122 
48121 
48121 
48122 
48122 
48126 
48126 
48123 
48123 
48124 
48124 
48127 
48127 
48126 
48126 
48130 
48130 
48138 
48138 
48149 
48149 
48146 
48146 
48148 
48147 
48153 
48153 
48154 
48155 
48151 
48153 
48147 
48149 
48146 
48150 
48148 
48149 
48149 
48149 
48145 
48146 
48144 
48141 
48145 
48140 
48138 
48142 
48144 
48149 
48150 
48151 
48151 
48152 
48152 
48153 
48157 
48154 
48153 
48152 
48151 
48148 
48147 
48147 
48141 
48141 
48144 
48144 
48145 
48144 
48149 
48149 
48146 
48146 
48149 
48149 
48147 
48147 
48146 
48146 
48143 
48142 
48141 
48141 
48135 
48135 
48137 
48137 
48135 
48134 
48142 
48142 
48142 
48142 
48148 
48146 
48151 
48151 
48151 
48151 
48147 
48148 
48148 
48148 
48147 
48147 
48150 
48150 
48146 
48147 
48148 
48148 
48149 
48149 
48148 
48148 
48146 
48146 
48145 
48143 
48143 
48143 
48140 
48141 
48141 
48141 
48137 
48138 
48138 
48138 
48135 
48134 
48133 
48133 
48134 
48134 
48134 
48133 
48129 
48129 
48129 
48129 
48126 
48126 
48122 
48122 
48121 
48121 
48121 
48121 
48122 
48122 
48127 
48127 
48127 
48127 
48129 
48129 
48129 
48129 
48131 
48131 
48134 
48134 
48135 
48132 
48134 
48134 
48135 
48135 
48134 
48134 
48136 
48136 
48133 
48134 
48135 
48136 
48145 
48145 
48144 
48140 
48141 
48140 
48143 
48143 
48145 
48144 
48147 
48148 
48155 
48155 
48153 
48151 
48152 
48151 
48151 
48152 
48151 
48149 
48149 
48148 
48147 
48146 
48147 
48145 
48144 
48138 
48139 
48138 
48136 
48137 
48140 
48140 
48139 
48136 
48141 
48141 
48145 
48141 
48140 
48135 
48132 
48136 
48136 
48134 
48131 
48132 
48133 
48132 
48130 
48130 
48130 
48131 
48133 
48138 
48136 
48138 
48135 
48134 
48135 
48133 
48134 
48136 
48139 
48140 
48134 
48137 
48135 
48136 
48134 
48134 
48135 
48135 
48134 
48132 
48138 
48138 
48137 
48135 
48132 
48135 
48133 
48133 
48128 
48126 
48125 
48125 
48127 
48127 
48140 
48139 
48144 
48146 
48143 
48143 
48141 
48141 
48142 
48142 
48141 
48141 
48138 
48138 
48141 
48141 
48139 
48139 
48140 
48140 
48139 
48139 
48138 
48138 
48140 
48140 
48142 
48142 
48144 
48144 
48137 
48137 
48137 
48137 
48130 
48130 
48129 
48129 
48131 
48131 
48132 
48132 
48129 
48129 
48132 
48132 
48132 
48132 
48128 
48128 
48130 
48130 
48129 
48128 
48129 
48129 
48127 
48127 
48126 
48126 
48125 
48125 
48126 
48126 
48128 
48128 
48127 
48125 
48123 
48124 
48123 
48123 
48119 
48119 
48121 
48122 
48121 
48120 
48119 
48117 
48118 
48118 
48118 
48117 
48116 
48118 
48115 
48117 
48116 
48117 
48116 
48113 
48114 
48116 
48113 
48113 
48111 
48111 
48121 
48121 
48124 
48124 
48126 
48124 
48128 
48128 
48128 
48128 
48129 
48129 
48126 
48126 
48123 
48123 
48123 
48123 
48128 
48128 
48130 
48128 
48126 
48126 
48125 
48127 
48121 
48121 
48120 
48120 
48120 
48120 
48115 
48118 
48114 
48111 
48113 
48113 
48112 
48113 
48111 
48114 
48118 
48118 
48122 
48122 
48120 
48118 
48118 
48117 
48121 
48122 
48123 
48120 
48123 
48121 
48121 
48121 
48122 
48122 
48121 
48121 
48132 
48130 
48130 
48131 
48134 
48134 
48132 
48132 
48134 
48134 
48133 
48133 
48134 
48134 
48134 
48134 
48134 
48131 
48134 
48134 
48132 
48132 
48133 
48129 
48130 
48132 
48129 
48129 
48128 
48129 
48130 
48131 
48130 
48130 
48135 
48133 
48128 
48130 
48131 
48129 
48128 
48132 
48132 
48131 
48130 
48130 
48132 
48132 
48139 
48137 
48134 
48136 
48135 
48134 
48137 
48136 
48138 
48139 
48138 
48140 
48141 
48142 
48141 
48139 
48140 
48140 
48140 
48140 
48143 
48144 
48141 
48141 
48141 
48142 
48140 
48139 
48139 
48139 
